   99.62
   17.64
   90.87
   64.02
   92.19
   29.73
    36.5
   74.71
   26.51
   93.33
    67.6
   75.47
   26.53
   77.13
   28.32
   98.08
   59.02
   79.05
   91.68
   60.93
   98.18
   38.51
   74.26
   61.24
    35.4
   28.54
   25.92
   72.17
   98.91
   38.03
   54.42
   65.09
   83.46
   93.84
   65.19
   46.72
   25.03
   43.09
   95.93
   96.31
   25.51
   15.25
   56.38
   62.89
   77.37
    34.4
   62.94
   27.36
    58.4
   56.37
   93.42
   84.78
   66.32
   90.95
   66.65
   41.48
   73.52
   69.07
   92.25
   47.29
   91.75
   49.99
   40.26
   37.69
   81.79
   88.49
   45.87
   26.06
   33.12
   17.07
   79.05
   55.79
   43.65
   78.09
   24.29
   67.54
   59.37
   26.01
   15.27
   21.36
   39.08
   99.57
   89.56
   18.95
   34.01
   38.93
   98.26
   85.78
   97.58
   57.93
   40.76
   38.31
   25.05
   31.21
   59.36
   31.18
   28.21
   41.45
      94
   84.39
   50.06
   76.52
   46.94
   35.49
   99.53
   66.69
   32.43
   86.77
   76.12
    91.8
   31.41
   77.42
   19.64
   78.49
   56.21
   30.79
   19.85
    92.3
   60.21
   21.47
   41.18
   34.97
   17.55
   42.58
    87.4
   21.53
    87.8
    42.9
   26.31
   77.54
   15.68
   49.06
   94.45
   91.27
    60.7
   32.76
   41.74
   20.89
   56.88
   32.92
   61.21
   16.61
   87.44
   22.89
   18.68
   32.97
   54.45
   32.63
   42.43
   35.91
   98.57
    15.9
    92.9
   40.04
    83.7
   57.45
   42.38
   60.79
   16.69
   70.19
   94.69
   66.62
   42.01
   87.41
   99.87
   16.19
   96.43
   44.93
   58.87
   65.53
   73.76
   73.33
   33.23
   95.29
   74.45
    25.1
   54.79
   87.86
   60.38
   21.82
   35.34
   79.59
   19.44
   66.41
   16.34
   27.97
   45.32
   80.25
    78.6
   18.84
   77.11
    25.4
   81.94
   48.53
   64.06
   26.78
   84.93
    61.1
   45.22
   69.37
   84.52
   70.47
   59.14
   35.36
   95.79
   27.68
   53.55
   81.39
   61.58
      28
   50.09
   80.71
   17.19
   93.19
   53.92
   85.35
    85.1
   38.62
   48.49
   23.33
   44.64
   20.52
   75.16
   75.87
   91.65
   63.12
   57.95
   34.52
   68.21
   95.85
   53.17
   18.39
   52.29
   75.54
   74.12
   86.34
   97.47
   23.61
   85.83
   19.13
   57.62
   63.24
   84.67
   36.64
   91.56
   31.55
    93.1
   70.05
   62.77
   26.83
   69.31
   54.04
   44.11
   20.68
   71.94
   48.95
   57.42
   65.22
   84.76
   22.97
   68.31
   75.29
   96.36
   59.37
   65.76
   35.59
   94.81
   53.62
   56.87
   37.95
   62.38
   90.64
   61.52
   63.42
   55.23
   56.95
   22.04
   19.53
   28.07
   17.87
   52.95
   32.44
   83.87
   84.72
   95.59
   59.15
   43.54
   26.98
   82.85
   94.68
   35.59
   74.48
   18.82
   39.25
   65.89
   19.62
   58.53
   75.47
   97.28
   19.53
   77.58
   25.52
   44.29
   38.27
   91.86
   68.38
   22.85
   53.98
   82.23
   96.95
   89.94
   96.15
   74.22
   95.29
   68.28
   27.71
   47.68
   90.79
   51.04
    92.3
   16.51
   21.35
   56.53
   16.38
   23.34
   27.59
   22.85
   66.51
    49.2
   65.01
   57.63
   66.43
    93.2
   26.18
   92.66
   29.36
   82.25
   32.97
   48.63
   25.09
   35.73
   48.67
   84.78
   47.23
   60.18
   85.23
   83.61
   50.36
   88.97
   70.43
   70.55
   72.25
   47.02
   55.07
   38.67
   16.03
   15.47
   80.15
   28.35
   27.36
   56.35
   44.06
   36.96
   21.66
   37.31
   79.77
   98.59
   61.27
   51.27
   82.03
   23.66
   52.61
   71.13
   84.52
    73.7
   38.45
   29.42
    42.1
   20.96
   65.01
   68.06
   37.92
   78.16
   49.19
   22.96
   65.68
   43.11
   70.76
   98.78
   66.77
   58.47
   69.54
   98.58
   52.46
   96.37
   52.57
   98.52
   56.13
   38.15
   46.32
   17.53
    85.4
   94.04
   48.89
   37.01
   74.36
   32.79
   67.16
   85.54
   90.75
   26.44
      69
   88.53
   33.11
   49.96
   20.45
   47.92
   93.03
   45.94
   92.93
   36.89
   27.29
    89.3
   20.37
   24.49
   45.06
   41.94
   71.48
   40.41
    80.1
   57.46
   66.88
    84.6
   82.93
   65.85
   96.28
   36.98
   58.03
   23.14
   45.71
   77.14
   16.01
   76.13
   59.68
   83.99
   95.83
   47.05
   68.38
   55.51
   91.96
   23.26
   79.86
   18.37
   86.56
   96.94
   47.21
   22.67
    61.7
   19.77
   75.76
   51.59
   21.54
    47.6
   35.27
    16.1
   29.47
   85.19
    22.1
   89.63
   75.37
   20.85
   56.43
    22.8
   27.74
   61.12
   34.39
   73.03
   95.94
   45.52
   20.33
   64.31
   17.31
   36.16
   28.92
   61.84
   29.42
   57.49
    62.4
   26.71
   57.23
   90.95
   62.74
   65.64
   90.27
   69.67
   33.85
    85.6
   49.85
   43.16
   78.72
   43.56
   81.21
      87
   96.66
   26.12
   80.78
   42.51
   75.48
   74.24
   73.27
   21.46
   43.62
   92.92
   78.93
   60.73
   22.43
   15.87
   65.72
   32.03
   63.27
   55.21
   71.49
   61.58
   29.77
   16.16
   71.15
   99.76
   59.95
   56.71
   98.92
   85.86
   93.47
   87.35
   30.42
   27.71
   78.77
   20.69
   44.96
    81.4
   95.28
   21.21
   67.66
   35.97
   50.62
   74.93
   61.66
   73.06
   57.75
   69.06
    65.3
   81.66
   47.19
   41.75
   59.31
   77.74
   59.19
   91.73
   89.03
   28.96
   25.93
   33.02
   46.52
   19.36
   63.69
   69.59
   47.83
   74.05
   85.08
   25.11
   45.14
   68.87
   91.15
   17.54
   33.97
   65.14
   38.66
   28.93
   90.35
   49.26
   47.22
   70.02
      68
   97.48
   96.48
   89.94
   60.56
   30.54
   63.34
   55.97
   98.73
   88.37
   99.12
   33.12
    17.5
   74.77
   71.74
    93.9
   88.28
   32.12
   27.94
   57.97
   36.16
   66.03
   60.42
   81.83
   97.04
   85.06
   90.09
   58.53
   34.83
   50.41
   73.18
   37.32
   28.67
   55.58
   38.49
   48.37
   30.06
   66.07
   39.57
   97.45
   55.12
   84.09
   21.87
    75.6
    51.7
   58.19
   29.95
   93.85
   21.63
   48.01
   74.69
   52.86
   57.86
   48.95
   85.45
   62.66
    41.7
   71.83
   32.24
    97.3
   19.96
   52.61
   47.97
   74.56
   72.14
   17.05
   40.58
   20.63
   92.67
   75.42
   70.22
   64.78
   83.03
   77.19
   46.52
   94.07
   18.96
   30.69
   20.67
   88.04
    57.7
   97.83
   52.69
   28.38
   65.09
   78.75
   78.57
   63.63
   77.81
   86.55
   32.48
   78.86
   85.57
   31.95
   53.95
   30.35
   68.28
   42.99
   15.07
   25.31
   33.23
   34.69
   67.64
   61.54
    52.3
   43.79
   85.42
   22.11
   44.14
   53.39
   41.24
   95.07
   66.35
   72.66
   44.26
   88.12
   97.68
   46.51
   37.12
   18.33
   75.21
    20.3
   88.13
   21.78
   16.52
   49.53
   88.45
   93.27
   56.91
   24.48
   44.31
   81.02
   61.57
   89.97
   29.17
   21.33
   87.78
   44.97
    50.9
   48.31
   82.06
   17.37
      89
   48.52
   87.42
   33.59
   46.76
   80.68
   25.49
   98.32
   43.46
   30.36
   73.74
   19.19
   26.54
   29.67
   22.64
   81.43
   63.82
   26.91
   77.88
   22.63
   40.66
   36.33
   47.55
   47.34
   37.15
   47.75
   59.31
   56.83
   25.32
   21.28
   87.59
   68.73
   76.31
      52
   75.76
   41.73
   57.53
   24.65
   58.36
   40.29
   94.92
   33.32
   28.24
   59.29
   15.06
   36.11
   58.77
   18.76
    62.4
   19.87
   86.04
   98.52
   86.44
   79.85
   31.01
   52.92
   88.93
   74.39
   91.74
   55.46
   91.02
    44.6
   15.55
   98.55
    85.5
    39.1
    71.2
   73.16
   73.92
   23.62
   66.12
   18.49
   18.85
   45.78
   63.56
   31.72
   51.02
   59.71
   79.77
   92.61
   81.53
   90.75
   36.23
   58.26
   94.01
   60.17
   51.79
   82.78
   96.85
   34.83
   54.91
   16.95
   75.34
   51.87
   75.79
   82.94
   28.91
    28.4
    28.6
   18.97
   93.26
   96.19
   88.63
   94.04
   67.59
   86.36
   49.54
   82.55
   46.78
   34.05
   40.47
   24.06
   33.56
   88.13
   53.29
   47.93
   60.71
   80.89
   64.74
   28.03
   58.25
   32.68
   73.67
    87.4
   60.63
   61.68
   53.16
   82.99
   73.89
   38.51
   72.78
   25.27
    27.9
   90.95
   80.73
   73.01
   68.49
   88.64
   26.03
   17.89
   84.68
   62.73
   65.72
   44.22
   85.83
   30.61
   92.07
   43.63
   68.88
   75.59
    24.7
   34.75
   55.48
   86.54
   17.85
   72.91
   44.22
   92.63
   72.51
   74.78
   47.79
   88.02
   73.61
   68.15
   45.19
   26.49
   82.26
   16.51
   18.89
   71.21
   32.87
   68.83
   77.06
   79.34
   25.37
   44.18
   65.69
   21.79
    22.4
   21.45
   30.87
   62.87
   56.51
   79.05
   85.89
   44.98
    97.3
   34.55
   23.47
   78.31
   88.66
   34.42
   32.95
   25.51
   70.92
   38.69
   57.47
   91.42
   48.06
   70.63
   86.14
   52.67
    24.9
   41.46
   21.26
   17.48
   44.25
   85.03
   55.48
   80.26
   54.15
   42.49
   29.02
   61.33
   30.02
   52.01
   61.81
   96.61
   96.87
   33.44
   80.71
   37.31
   56.48
   23.01
   26.71
    39.6
   19.56
      83
   62.07
   49.31
   17.99
   41.46
   97.57
   51.62
   41.97
   81.88
   84.63
   65.74
   77.21
   57.86
   52.55
   54.61
   57.14
   82.84
   60.67
   89.55
   70.07
   99.73
   65.59
   90.02
    56.4
   45.66
   43.29
   73.23
    15.8
   16.62
   26.41
   63.86
   44.37
   92.16
   56.36
   88.77
   31.88
    75.1
   50.53
   86.64
   38.92
   81.18
   94.51
   72.71
   79.09
   23.78
   54.23
   48.43
   71.22
   33.59
   38.17
   81.14
