  0.4207
 0.04267
  0.5302
  0.2588
 0.07925
  0.1213
   0.038
 0.07408
  0.1693
 0.08481
  0.2944
  0.1364
  0.2108
  0.4812
  0.0114
  0.1044
  0.1229
  0.1367
  0.1355
  0.1412
  0.3197
 0.07547
  0.2683
 0.03244
  0.1178
 0.001654
  0.2463
 0.03308
 0.04866
 0.04657
  0.2005
 0.08661
 0.005097
 0.02029
 0.02695
 0.03673
  0.5967
   0.725
 0.05578
 0.03696
 0.06849
  0.3375
  0.1584
  0.1993
  0.2017
  0.3643
  0.0367
 0.02151
  0.5141
 0.01295
  0.4024
  0.6651
  0.1405
   0.413
 0.02056
   1.078
 0.04553
  0.1746
 0.01502
  0.5421
  0.0963
  0.9858
  0.3421
 0.007563
 0.0003672
  0.6446
 0.05698
  0.2094
  0.2318
  0.6214
 0.04755
  0.2844
  0.3061
   0.197
  0.1684
  0.1662
  0.1121
 0.09011
   0.057
 0.007296
  0.1872
  0.3866
  0.0731
  0.1296
 0.04887
  0.2163
    1.07
 0.01833
 0.02729
  0.2889
  0.3459
  0.1499
 0.05725
 0.03005
  0.1904
  0.1296
  0.1779
 0.07551
  0.1717
  0.0449
 0.07683
  0.5367
  0.0889
  0.0235
  0.3582
 0.07464
 0.02511
 0.07904
  0.3366
 0.002922
  0.1724
 0.05478
 0.06951
  0.1035
 0.01954
 0.01578
  0.2513
 0.04685
  0.2493
  0.1223
   1.261
 0.01776
 0.05497
   0.673
   0.182
 0.03949
 0.07105
  0.2424
  0.1681
  0.2346
 0.09955
  0.3862
  0.1982
  0.1138
   0.679
 0.05922
 0.04972
  0.1025
  0.1288
  0.5923
  0.1695
 0.07857
  0.1153
  0.2729
   0.287
 0.05499
   0.142
  0.3145
  0.3045
 0.009855
  0.1513
  0.0293
  0.1816
 0.01584
  0.1866
 0.06537
 0.04692
   0.206
 0.03372
   0.273
  0.2554
  0.1934
   0.754
  0.2055
  0.1012
  0.9922
 0.07585
 0.05132
  0.2586
  0.1112
  0.5071
  0.1236
  0.1318
  0.3486
 0.02339
  0.1744
   0.316
  0.4515
  0.3581
  0.2145
 0.04392
  0.2476
  0.2628
 0.03375
  0.2437
 0.06263
 0.04529
  0.1382
  0.4006
 0.01287
  0.1247
  0.2015
  0.3523
  0.2007
  0.1893
  0.1801
  0.1038
 0.03026
  0.2327
 0.01071
 0.02804
  0.5034
  0.2673
  0.4528
 0.07973
 0.00948
  0.4171
  0.3053
 0.03757
  0.4613
 0.08575
  0.2431
  0.2716
  0.2587
  0.1808
  0.1578
 0.02162
 0.04322
 0.07417
  0.2138
  0.0851
  0.6905
  0.1412
  0.1036
  0.2223
 0.06093
  0.1727
  0.2701
  0.1137
  0.1046
 0.09042
  0.2897
 0.04894
  0.1057
 0.04602
 0.06698
  0.4434
  0.1467
 0.003134
 0.09515
  0.2247
  0.3089
 0.08198
  0.6446
 0.04461
   0.197
  0.1034
  0.0828
  0.1698
 0.09686
   0.047
  0.3062
  0.1141
  0.4456
  0.1659
 0.01762
 0.006231
 0.007887
 0.03428
 0.02445
 0.06142
 0.07862
  0.1962
   0.101
  0.2901
  0.1128
  0.1867
  0.2145
  0.6021
  0.3001
  0.3332
  0.1024
 0.01799
 0.01783
 0.01607
   0.123
 0.08609
  0.5763
  0.1153
   0.167
  0.4505
 0.09199
 0.04033
  0.4839
  0.4844
 0.09096
  0.4989
  0.2449
  0.2333
  0.1358
  0.1991
  0.2752
   0.227
  0.1106
  0.2798
  0.7565
  0.1631
  0.1438
 0.05026
 0.009654
 0.06825
 0.08584
  0.1567
   0.424
 0.04117
 0.07941
   0.383
 0.05296
  0.7273
 0.04686
  0.7819
 0.05982
  0.3817
  0.2279
  0.1429
 0.01452
  0.1628
  0.5027
  0.3777
  0.0716
   0.111
 0.03399
 0.06535
  0.2212
  0.1223
 0.05428
 0.005868
  0.1548
 0.09384
 0.04133
 0.08104
  0.1322
  0.2326
  0.2913
  0.1362
  0.3768
  0.2823
 0.009225
  0.5762
 0.07445
  0.3832
  0.6101
 0.07425
  0.1186
 0.05069
  0.3783
  0.1288
 0.06902
 0.03326
 0.01761
  0.2036
  0.4606
 0.004892
  0.1644
  0.0967
  0.4851
 0.09632
 0.06996
  0.2647
 0.02392
    1.19
  0.8262
  0.0499
   1.315
  0.5233
  0.1653
  0.5751
 0.08187
  0.1724
  0.2928
  0.2001
  0.2584
  0.2925
  0.2452
  0.2476
  0.0358
  0.3147
  0.1046
 0.08811
  0.1872
  0.1313
 0.09968
  0.1682
   0.153
 0.06138
 0.05393
 0.05115
   0.141
 0.05332
 0.02748
 0.03227
  0.2617
 0.04653
  0.1145
 0.03642
  0.1953
  0.3111
 0.06192
 0.03826
   0.094
   0.113
 0.006047
 0.04433
  0.1416
  0.1393
 0.0003825
  0.1236
  0.1158
 0.08295
   0.434
  0.1147
 0.01007
 0.07784
 0.09398
  0.5051
 0.05384
   0.525
  0.2513
 0.01818
  0.1321
  0.3162
 0.06256
  0.1623
  0.1095
  0.3086
 0.01531
  0.1201
 0.09855
 0.01121
  0.1055
  0.1257
    1.13
 0.02098
 0.08913
   0.518
  0.2331
  0.3593
 0.09236
  0.3715
  0.0728
  0.2074
  0.3384
   1.126
  0.2083
  0.1224
  0.1655
  0.7283
 0.007207
  0.3173
  0.1505
 0.05707
  0.4166
  0.3717
 0.05676
 0.05369
 0.04945
  0.1446
   0.112
 0.08824
 0.07921
  0.1407
  0.1488
 0.02152
 0.05269
 0.09006
 0.06833
 0.01928
 0.07108
  0.1583
 0.08361
 0.03027
  0.3143
  0.1354
  0.2608
  0.0764
  0.1134
   0.221
  0.1336
 0.002281
  0.6652
  0.2093
 0.04659
  0.9435
  0.2497
 0.03601
  0.1808
  0.1266
 0.03337
 0.03828
 0.00652
 0.03579
  0.1264
  0.5097
 0.03061
 0.08986
 0.02368
 0.0003791
 0.08628
  0.7915
 0.09283
  0.1092
  0.1191
  0.1997
  0.5381
  0.2156
 0.03379
  0.2285
  0.1152
  0.2669
  0.2278
 0.07535
 0.01094
 0.06276
 0.06671
  0.1815
 0.005615
  0.1543
  0.3713
  0.1545
 0.05931
  0.1579
  0.1073
 0.03343
  0.3724
 0.01798
  0.3146
  0.1499
  0.2204
  0.3207
 0.01535
   0.413
  0.5501
 0.05429
  0.0502
  0.1827
  0.2821
  0.5337
  0.1975
 0.09177
  0.2362
  0.1169
  0.2227
 0.03553
 0.08136
  0.1153
 0.06782
 0.08491
    0.38
  0.2724
  0.1487
  0.2573
  0.1638
   0.106
 0.02311
  0.1874
  0.1334
  0.3018
 0.001628
  0.4239
  0.5358
   0.153
  0.9446
 0.01026
 0.004993
  0.3015
 0.04288
 0.07806
 0.06993
 0.01791
  0.2255
  0.2157
 0.05226
  0.1677
   1.013
  0.3654
  0.3643
  0.5503
   0.278
   0.147
 0.04781
  0.1663
 0.03692
  0.0734
 0.01942
  0.1603
  0.2073
  0.3301
  0.1111
  0.3044
 0.07704
  0.2411
  0.5424
    0.93
  0.2006
  0.3146
  0.2207
  0.3483
  0.4467
 0.01798
  0.1738
  0.4732
  0.3576
  0.3639
 0.01662
  0.4478
 0.03909
  0.1958
  0.1815
  0.1575
 0.04583
  0.1027
 0.03145
  0.3041
 0.07337
  0.1686
  0.4379
  0.2753
  0.1619
 0.007045
   0.237
   0.417
 0.05984
 0.06307
  0.2446
  0.5899
  0.1517
 0.09635
  0.4569
 0.03423
  0.3832
  0.0369
  0.2064
 0.03805
  0.1979
  0.0405
 0.06393
 0.04488
  0.2807
  0.3213
  0.2045
 0.009393
 0.03982
 0.06298
  0.2281
 0.03852
  0.1275
  0.3145
  0.7528
  0.3037
 0.09211
  0.1684
 0.07768
  0.3692
 0.08803
  0.4097
 0.06542
 0.04151
 0.04908
 0.02113
  0.2738
  0.1631
  0.1854
   0.382
  0.1451
  0.2207
  0.1802
  0.7569
  0.3701
 0.06339
 0.05895
  0.2076
 0.0001602
 0.04968
 0.04699
  0.1048
  0.3771
  0.1499
  0.0428
 0.05939
 0.09892
  0.1134
  0.1931
  0.2361
 0.08326
  0.1241
 0.03095
  0.3061
  0.2308
  0.1351
 0.05027
 0.05169
  0.0554
   0.329
  0.2268
  0.1081
 0.05185
 0.03785
 0.06055
  0.1391
  0.3415
  0.4353
 0.04757
  0.1176
  0.2471
  0.3774
  0.3459
 0.02007
  0.2283
  0.1931
 0.0004373
 0.05598
 0.03473
  0.1325
  0.3622
  0.2324
  0.3041
  0.1457
 0.03291
 0.06828
  0.6156
  0.2042
 0.01599
 0.009433
  0.1084
  0.2321
  0.1863
 0.03174
  0.3345
  0.1258
 0.03519
 0.007348
 0.05291
  0.3509
 0.03364
  0.1298
  0.3191
  0.2494
  0.1603
  0.1907
 0.04683
 0.05278
  0.1129
 0.007223
 0.07587
  0.2527
  0.1607
  0.3581
  0.2253
  0.3107
   0.487
  0.2213
 0.02515
  0.1072
 0.07498
  0.3621
 0.07304
  0.7611
  0.5029
 0.07729
 0.07099
 0.08105
  0.3491
  0.3981
  0.0245
  0.4148
  0.1913
 0.005072
 0.07008
  0.1802
  0.5236
 0.05661
  0.1246
 0.03174
 0.002218
  0.4863
  0.4421
  0.4868
 0.07064
  0.1062
 0.01129
 0.01178
  0.6276
 0.04586
 0.04676
   0.182
  0.1236
  0.4242
  0.5502
  0.1238
 0.03215
 0.04977
  0.2541
  0.1607
  0.3073
 0.06139
   0.138
  0.3318
 0.02696
 0.09209
 0.05377
 0.06386
  0.1311
 0.06357
  0.1296
 0.03132
 0.06372
 0.03376
   0.492
  0.3806
  0.1852
  0.2443
  0.5992
 0.02209
  0.3382
 0.03907
 0.05921
   0.695
 0.01089
  0.1226
 0.08314
  0.5038
  0.3492
 0.02723
 0.02219
  0.4721
  0.1692
  0.1468
  0.1067
   0.107
 0.04887
  0.3126
  0.2093
   0.152
  0.2724
  0.7239
 0.06558
 0.001563
  0.2756
 0.009497
  0.1088
 0.07544
 0.0004604
   1.021
 0.09964
  0.2489
 0.004211
  0.4052
 0.06924
  0.0744
  0.1935
  0.3825
  0.1593
 0.02844
  0.1313
 0.07794
  0.1336
 0.03831
  0.2508
   0.486
  0.4434
  0.1268
  0.1087
  0.1691
  0.1671
 0.03294
  0.0569
  0.1992
  0.4663
  0.1453
  0.6851
  0.4027
  0.1148
 0.01746
 0.004892
  0.1639
  0.1066
   0.216
  0.0218
  0.1634
 0.08583
  0.1034
  0.2363
  0.0841
  0.1805
  0.4277
  0.2085
 0.01839
  0.4548
 0.03009
  0.2752
  0.2555
  0.6586
  0.2827
 0.06145
  0.9411
  0.0039
  0.4894
  0.1481
  0.1491
 0.09499
  0.1204
  0.1243
  0.4545
   1.178
  0.5634
  0.0448
  0.2296
 0.008961
  0.2628
  0.1804
  0.1506
  0.1219
 0.005908
  0.3258
 0.04781
  0.1416
  0.5973
   0.386
  0.2434
 0.09114
  0.1749
 0.04474
 0.05203
  0.2158
 0.01169
 0.06683
 0.08083
 0.007965
  0.1824
 0.02148
  0.5612
  0.2667
  0.1815
  0.2897
  0.1086
 0.02838
   0.219
 0.01304
  0.2073
 0.07578
  0.2448
 0.005096
 0.01271
  0.2078
  0.6915
  0.1321
  0.2706
 0.07688
 0.02463
  0.2015
  0.1204
  0.5182
 0.06719
  0.1858
  0.2523
 0.002784
 0.03279
 0.001814
  0.4183
  0.2139
  0.8765
  0.1446
 0.03337
 0.001871
  0.2621
  0.1041
  0.2502
   0.413
 0.008238
  0.0308
  0.2607
 0.06001
 0.09096
  0.5237
   0.115
   0.598
 0.0005917
 0.06096
 0.04744
 0.01257
 0.03546
  0.1463
  0.1904
  0.1861
 0.005708
  0.1356
  0.1253
 0.01142
  0.3443
   0.706
  0.4693
  0.4683
  0.3968
 0.06947
  0.1193
 0.05171
  0.2016
   0.495
 0.01296
 0.05785
  0.3746
